COLOR          HEX            HSL            RGB            
jet_black      #000000        000,000,000    000,000,000
black          #221C1B        012,012,012    034,028,027
gray1          #262626        000,000,015    038,038,038
gray2          #4D4D4D        000,000,030    077,077,077
gray3          #737373        000,000,045    115,115,115
gray4          #999999        000,000,060    153,153,153
gray5          #BFBFBF        000,000,075    191,191,191
red            #FF8080        000,100,075    255,128,128
bright_red     #FF4D4D        000,100,065    255,077,077
white          #E6E6E6        000,000,090    230,230,230
bright_white   #F2F2F2        000,000,095    242,242,242
orange         #FFBF80        030,100,075    255,191,128
bright_orange  #FFA64D        030,100,065    255,166,077
yellow         #E7EF8F        065,075,075    231,239,143
bright_yellow  #F4FF80        065,100,075    244,255,128
green          #80FF80        120,100,075    128,255,128
bright_green   #4DFF4D        120,100,065    077,255,077
cyan           #92EDED        180,071,075    146,237,237
bright_cyan    #66E5E5        180,071,065    102,229,229
blue           #80D4FF        200,100,075    128,212,255
bright_blue    #4DC3FF        200,100,065    077,195,255
faded_blue     #ABD7ED        200,065,080    171,215,237
magenta        #D580FF        280,100,075    213,128,255
bright_magenta #C44DFF        280,100,065    196,077,255
